Camera.fx: 9.981627157701620e+02
Camera.fy: 9.973176455761910e+02
Camera.cx: 6.768881111479272e+02
Camera.cy: 3.815931856990197e+02

Camera.k1: 0.233969271157876
Camera.k2: -1.188438284548152
Camera.p1: 0.698595187420375e-03
Camera.p2: -0.585889060780901e-03