Camera.fx: 1.410370257942401e+03
Camera.fy: 1.411015730049724e+03
Camera.cx: 9.553876688449640e+02
Camera.cy: 5.382291984131386e+02

Camera.k1: 0.239386887828847
Camera.k2: -1.191129601374148
Camera.p1: 6.267528699275906e-05
Camera.p2: 4.346459234810269e-05