9.9885216705698432e-01 -1.5085743199404844e-02 -4.5461728054353959e-02 -3.2161923468972958e-01 -1.6977406201745537e-02 -9.9899361688039745e-01 -4.1515311764246915e-02 -6.3817541042522006e+00 -4.4789686806533453e-02 4.2239481345576285e-02 -9.9810305588723114e-01 -2.8930676852253834e-01
9.9884601024454689e-01 -1.5186207045836774e-02 -4.5563438567689692e-02 -3.1842320932838175e-01 -1.7077443726804576e-02 -9.9899629176680182e-01 -4.1409780872829816e-02 -6.3812692629838441e+00 -4.4888848663208990e-02 4.2140101468066682e-02 -9.9810280187661637e-01 -2.8873475811351107e-01
9.9884599833191734e-01 -1.5420348682858406e-02 -4.5484991621569798e-02 -3.1859160060043568e-01 -1.7307702587819437e-02 -9.9899288733474889e-01 -4.1396310049493401e-02 -6.3798066517960059e+00 -4.4800837575281957e-02 4.2135779345839425e-02 -9.9810693868516531e-01 -2.8972955809315282e-01
9.9884312678134446e-01 -1.5487468518142665e-02 -4.5525228176981673e-02 -3.1793785078780196e-01 -1.7385986175493438e-02 -9.9898278410483854e-01 -4.1606784865598156e-02 -6.3739579696368063e+00 -4.4834535420502072e-02 4.2350152078193481e-02 -9.9809635258955953e-01 -2.9159317700736670e-01
9.9884436474033000e-01 -1.5512999124699570e-02 -4.5489360125677981e-02 -3.1900775333824521e-01 -1.7421536969243850e-02 -9.9897142373188152e-01 -4.1863882007366529e-02 -6.3681583185585566e+00 -4.4793136484464015e-02 4.2607997198348874e-02 -9.9808723741896921e-01 -2.9296971095458707e-01
9.9884087071618932e-01 -1.5573727063100819e-02 -4.5545296269626792e-02 -3.2006038773316342e-01 -1.7502887423834865e-02 -9.9895291882002268e-01 -4.2269550657497434e-02 -6.3549625471726934e+00 -4.4839312202046573e-02 4.3017728976809722e-02 -9.9806758843022525e-01 -2.9708861482929844e-01
9.9883960912303582e-01 -1.5557723022235558e-02 -4.5578421443749954e-02 -3.2134265508745469e-01 -1.7504537446729068e-02 -9.9893755075157675e-01 -4.2630515680867814e-02 -6.3309094455807680e+00 -4.4866762928884724e-02 4.3378876804316596e-02 -9.9805072347625645e-01 -2.9727443785538044e-01
9.9884784493828316e-01 -1.5550752884478998e-02 -4.5399964172604002e-02 -3.2481115058261545e-01 -1.7488827799437792e-02 -9.9893876167751805e-01 -4.2608582708043852e-02 -6.3049863568015576e+00 -4.4689188450334053e-02 4.3353483169319695e-02 -9.9805979376625431e-01 -2.9632722047118626e-01
9.9884757995404216e-01 -1.5553077111204523e-02 -4.5404997658031909e-02 -3.2617068215451667e-01 -1.7465841910933342e-02 -9.9896331480248612e-01 -4.2038554270697664e-02 -6.2810588122815938e+00 -4.4704098092850975e-02 4.2783144709114956e-02 -9.9808373703938469e-01 -2.9532124970715617e-01
9.9884068950069183e-01 -1.5689411390157813e-02 -4.5509552491902173e-02 -3.2628838449390352e-01 -1.7599754162916734e-02 -9.9896744054455267e-01 -4.1884381161363421e-02 -6.2431360460577769e+00 -4.4805419886300664e-02 4.2636781094447879e-02 -9.9808545688569006e-01 -2.9259927655763218e-01
9.9883815389776442e-01 -1.5724285506083568e-02 -4.5553146580996060e-02 -3.2786606714266636e-01 -1.7634032625835905e-02 -9.9896913244690078e-01 -4.1829574605020015e-02 -6.1965557205409381e+00 -4.4848447146556794e-02 4.2584260749825964e-02 -9.9808576661774573e-01 -2.8918466436213525e-01
9.9882312569526621e-01 -1.5736034345634267e-02 -4.5877454151371802e-02 -3.2433133173081319e-01 -1.7663949230003098e-02 -9.9896459674119364e-01 -4.1925163748097738e-02 -6.1423686234784833e+00 -4.5170216669151303e-02 4.2686200121092088e-02 -9.9806690148771293e-01 -2.8931058384062902e-01
9.9882285296136919e-01 -1.5719709872982917e-02 -4.5888986953517882e-02 -3.2539257628753149e-01 -1.7618264108865335e-02 -9.9899285702507412e-01 -4.1265825844999104e-02 -6.0950776733101577e+00 -4.5194083372728754e-02 4.2025734192144393e-02 -9.9809384954207081e-01 -2.8654482032604456e-01
9.9882875087998735e-01 -1.5747609723013499e-02 -4.5750838282327774e-02 -3.2895207275748062e-01 -1.7633425757641503e-02 -9.9899891459144063e-01 -4.1112418332812997e-02 -6.0306538503098732e+00 -4.5057615467019592e-02 4.1871009459220593e-02 -9.9810652229874364e-01 -2.8231751708717306e-01
9.9883166738556417e-01 -1.5832949239709251e-02 -4.5657616518457685e-02 -3.3197470894523895e-01 -1.7716160546364861e-02 -9.9899626969115096e-01 -4.1141108379096292e-02 -5.9570147278397343e+00 -4.4960403504296698e-02 4.1901919544787947e-02 -9.9810960883822408e-01 -2.7738941983087206e-01
9.9882819280660962e-01 -1.5853437862700808e-02 -4.5726466762871232e-02 -3.3044395145127620e-01 -1.7732872392299037e-02 -9.9900205189123414e-01 -4.0993237903611784e-02 -5.8793600552705456e+00 -4.5030950371948861e-02 4.1756063332612531e-02 -9.9811254109121506e-01 -2.6846510630315151e-01
9.9882832338073224e-01 -1.5812179582211466e-02 -4.5737898829044547e-02 -3.2834253339782343e-01 -1.7674988470681090e-02 -9.9901855008270690e-01 -4.0614423216491308e-02 -5.8014388125550225e+00 -4.5050806818494493e-02 4.1375253080880248e-02 -9.9812750349717150e-01 -2.6221912596578417e-01
9.9882297138633391e-01 -1.5811477253678700e-02 -4.5854869076588339e-02 -3.2343976227644006e-01 -1.7677185806595767e-02 -9.9902026213068895e-01 -4.0571331679989331e-02 -5.7123467511839623e+00 -4.5168450636852132e-02 4.1334163102511812e-02 -9.9812388911781913e-01 -2.5823268013139511e-01
9.9882868267989577e-01 -1.5959938474212190e-02 -4.5678693280816703e-02 -3.2334479627382379e-01 -1.7814934035356569e-02 -9.9902091573959650e-01 -4.0494913756348581e-02 -5.6171594368792972e+00 -4.4987673659119792e-02 4.1261244270108688e-02 -9.9813507048897099e-01 -2.5213135294797112e-01
9.9882840624506297e-01 -1.6042910094621613e-02 -4.5655666829466146e-02 -3.2169716493688033e-01 -1.7885210003527441e-02 -9.9903020737570158e-01 -4.0233866505624521e-02 -5.5189635287131003e+00 -4.4965921997408759e-02 4.1003289947985536e-02 -9.9814668063985690e-01 -2.4568535550861970e-01
9.9881835853719259e-01 -1.6200921667810689e-02 -4.5819393123229010e-02 -3.1673243847694493e-01 -1.8030523754403924e-02 -9.9904483567310742e-01 -3.9803473818691260e-02 -5.4169386306954319e+00 -4.5130775111994474e-02 4.0582588039783929e-02 -9.9815643397504772e-01 -2.3571057157887065e-01
9.9881829318467363e-01 -1.6250839190774941e-02 -4.5803137722760595e-02 -3.1330861458187986e-01 -1.8090523723128249e-02 -9.9903426153010610e-01 -4.0040944549528279e-02 -5.2980983737579850e+00 -4.5108204919698754e-02 4.0822230642029333e-02 -9.9814768212641325e-01 -2.2953110975020125e-01
9.9881878045428674e-01 -1.6341294662661460e-02 -4.5760309227093475e-02 -3.1017179164092279e-01 -1.8164456917099475e-02 -9.9904599564384511e-01 -3.9713361641963679e-02 -5.1827423892457611e+00 -4.5067685948115659e-02 4.0497662608435347e-02 -9.9816273372959352e-01 -2.2078986847582255e-01
9.9883061914037885e-01 -1.6389521146620355e-02 -4.5483819806973871e-02 -3.1050787709082572e-01 -1.8206706454432491e-02 -9.9904058449944344e-01 -3.9829968153303419e-02 -5.0557491129218919e+00 -4.4787387819908743e-02 4.0611502306557079e-02 -9.9817072476238933e-01 -2.1557559763008124e-01
9.9882329239887468e-01 -1.6508484972260359e-02 -4.5601540383999571e-02 -3.0228531474278070e-01 -1.8323702695868097e-02 -9.9904444654410263e-01 -3.9679160133514108e-02 -4.9269713742168175e+00 -4.4902922855715365e-02 4.0468058432648307e-02 -9.9817135992058270e-01 -2.0718020142592883e-01
9.9882102930484096e-01 -1.6665942161564345e-02 -4.5593835003043842e-02 -2.9549809652198350e-01 -1.8476459459411312e-02 -9.9904553424838283e-01 -3.9580815355523380e-02 -4.7924977718278781e+00 -4.4890665669625851e-02 4.0376563378161479e-02 -9.9817561644507591e-01 -1.9557470464485940e-01
9.9881606837600034e-01 -1.6821905997034078e-02 -4.5645208210019800e-02 -2.8775307209967305e-01 -1.8638339795058433e-02 -9.9903917717504132e-01 -3.9665284054196198e-02 -4.6515587878135269e+00 -4.4934105572416290e-02 4.0469073970664515e-02 -9.9816991549954270e-01 -1.8607610909493938e-01
9.9880940651683892e-01 -1.7017321518321089e-02 -4.5718488840090415e-02 -2.7915998274419040e-01 -1.8815725332617432e-02 -9.9905427632820631e-01 -3.9198487605157040e-02 -4.5140596670355819e+00 -4.5008198516346819e-02 4.0012044669901881e-02 -9.9818500206507166e-01 -1.7542620226295175e-01
9.9880697576104849e-01 -1.7263237669118046e-02 -4.5679380427580643e-02 -2.7195470454205334e-01 -1.9031829498235130e-02 -9.9907463785438433e-01 -3.8570162847482659e-02 -4.3761875372264747e+00 -4.4971264569925097e-02 3.9393509888187572e-02 -9.9821126859080844e-01 -1.6622534341776610e-01
9.9880534452980152e-01 -1.7404061703994052e-02 -4.5661607230892437e-02 -2.6574790098768813e-01 -1.9164478919590149e-02 -9.9907852737471459e-01 -3.8403370770180051e-02 -4.2271445047548921e+00 -4.4951156675277069e-02 3.9232572882426764e-02 -9.9821851252046989e-01 -1.5739843555208094e-01
9.9879955860985969e-01 -1.7474398663399331e-02 -4.5761196576380544e-02 -2.5614041264284387e-01 -1.9212769980106199e-02 -9.9909956079615803e-01 -3.7827729070289529e-02 -4.0795213502280312e+00 -4.5058974582663176e-02 3.8661518442455023e-02 -9.9823593193256799e-01 -1.4464785983926631e-01
9.9880040116493962e-01 -1.7735541253481164e-02 -4.5642186726785300e-02 -2.5159447597641293e-01 -1.9443596973167721e-02 -9.9911661653522321e-01 -3.7254974163901222e-02 -3.9292402977449692e+00 -4.4941130042553352e-02 3.8097731423983539e-02 -9.9826292012217122e-01 -1.3342947604064320e-01
9.9880456152529495e-01 -1.7884474717595859e-02 -4.5492784486536389e-02 -2.4721163353456752e-01 -1.9580594349393125e-02 -9.9911914971668414e-01 -3.7115023835836258e-02 -3.7687903539197243e+00 -4.4788929448997601e-02 3.7961430867208601e-02 -9.9827495288889567e-01 -1.2444550719133469e-01
9.9878895456717998e-01 -1.8152826239217108e-02 -4.5728537415148485e-02 -2.3657888868122701e-01 -1.9850244141966761e-02 -9.9912020444220495e-01 -3.6942995044669857e-02 -3.6053571062605614e+00 -4.5017685881264029e-02 3.7805978031192067e-02 -9.9827056251449220e-01 -1.1314589548918159e-01
9.9879860823363975e-01 -1.8291655710485934e-02 -4.5461582923538787e-02 -2.3530738076747271e-01 -1.9958770342775371e-02 -9.9913463131261149e-01 -3.6491588047329993e-02 -3.4424199224565242e+00 -4.4754750328307009e-02 3.7355104646897952e-02 -9.9829935814858162e-01 -1.0429708275114905e-01
9.9878494331526113e-01 -1.8507345858324614e-02 -4.5674009633602033e-02 -2.2642980675144417e-01 -2.0151667402107571e-02 -9.9915551538050629e-01 -3.5807350999881804e-02 -3.2803244000039977e+00 -4.4972739605730637e-02 3.6684250489743830e-02 -9.9831443867068292e-01 -9.4951782675592178e-02
9.9878026560514943e-01 -1.8637958714381130e-02 -4.5723161883970000e-02 -2.2013293267562914e-01 -2.0264995314743177e-02 -9.9916834357458972e-01 -3.5382921915854626e-02 -3.1109033752499800e+00 -4.5025670484737268e-02 3.6266343810357871e-02 -9.9832732172570959e-01 -8.3657166101128638e-02
9.9877675566611446e-01 -1.8819210535428059e-02 -4.5725590820617473e-02 -2.1434268831317918e-01 -2.0442939959629633e-02 -9.9916743725080859e-01 -3.5306069498855952e-02 -2.9326456337259073e+00 -4.5023089041938039e-02 3.6197647057154225e-02 -9.9832993133565195e-01 -7.4215022281297796e-02
9.9878121280290388e-01 -1.8884810509816184e-02 -4.5601018453190222e-02 -2.1073539323795348e-01 -2.0497750590406951e-02 -9.9917125158651832e-01 -3.5166066367507798e-02 -2.7534303057449128e+00 -4.4899122181767989e-02 3.6057924718968737e-02 -9.9834057059315573e-01 -6.3223507492479347e-02
9.9878163013345689e-01 -1.8983956490430356e-02 -4.5550682804146536e-02 -2.0541716617641018e-01 -2.0587931793602476e-02 -9.9917501368690087e-01 -3.5006129295349075e-02 -2.5706125319898372e+00 -4.4848549278839550e-02 3.5901273232995579e-02 -9.9834848936021947e-01 -5.3957213247546210e-02
9.9878410192237665e-01 -1.8995745324949860e-02 -4.5491531153189671e-02 -1.9997712944548354e-01 -2.0592058108514888e-02 -9.9917924665627544e-01 -3.4882663233403277e-02 -2.3830960183880543e+00 -4.4791571639846775e-02 3.5777013723187201e-02 -9.9835550802261019e-01 -4.2367718875280604e-02
9.9877878139072429e-01 -1.9016522380528166e-02 -4.5599536403456084e-02 -1.8970017549082160e-01 -2.0590639340656261e-02 -9.9919934735301652e-01 -3.4302912716678735e-02 -2.2000245811764461e+00 -4.4910704906539430e-02 3.5199944969501573e-02 -9.9837066886950443e-01 -2.9470743798396117e-02
9.9877224513550211e-01 -1.9220502073087058e-02 -4.5657142344291059e-02 -1.8059903551042056e-01 -2.0768882448698300e-02 -9.9921669815229253e-01 -3.3684472022912137e-02 -2.0132786588498059e+00 -4.4973946555984516e-02 3.4591363570819877e-02 -9.9838909333860948e-01 -1.4000855943499381e-02
9.9876936380556147e-01 -1.9357109366438315e-02 -4.5662459859380673e-02 -1.7326321773367051e-01 -2.0878294919157919e-02 -9.9923476413275958e-01 -3.3075413071005422e-02 -1.8249089192347319e+00 -4.4987272919154261e-02 3.3988063574212829e-02 -9.9840921310341124e-01 -9.0944650923873154e-04
9.9876248522483535e-01 -1.9410309174725374e-02 -4.5790151836962639e-02 -1.6301938891107201e-01 -2.0927188927844467e-02 -9.9924008121136842e-01 -3.2883321977494884e-02 -1.6261362437279980e+00 -4.5117079593972251e-02 3.3800887539218283e-02 -9.9840971005418011e-01 1.0789872658941680e-02
9.9876332788996391e-01 -1.9574874265399875e-02 -4.5701631914610748e-02 -1.5517432860494415e-01 -2.1063498799989290e-02 -9.9925554545775008e-01 -3.2321570045998838e-02 -1.4307264538517055e+00 -4.5034918457432911e-02 3.3244235130761635e-02 -9.9843210933448212e-01 2.5092285159077639e-02
9.9876140350929310e-01 -1.9658968264420495e-02 -4.5707590473851367e-02 -1.4559599997811698e-01 -2.1136803507346237e-02 -9.9926187582743675e-01 -3.2077079906436268e-02 -1.2246624134655772e+00 -4.5043250300557093e-02 3.3003461706472115e-02 -9.9843972132410208e-01 3.8187059647036253e-02
9.9876638402275497e-01 -1.9738498880818564e-02 -4.5564260205144619e-02 -1.3756800720841747e-01 -2.1200835977714529e-02 -9.9926819811600820e-01 -3.1836972026757282e-02 -1.0171043370966375e+00 -4.4902502156964980e-02 3.2763697836452943e-02 -9.9845395757847810e-01 5.0987867008873158e-02
9.9876249677065743e-01 -1.9909896026165858e-02 -4.5574895333604960e-02 -1.2760894484317506e-01 -2.1361390739682806e-02 -9.9927273568933417e-01 -3.1586242157330968e-02 -8.0760983152212162e-01 -4.4912871541556709e-02 3.2520697227799988e-02 -9.9846143552052602e-01 6.2513476394003065e-02
9.9876019577010533e-01 -2.0075717700460575e-02 -4.5552572968730207e-02 -1.1805932177992956e-01 -2.1520465140363789e-02 -9.9927360538974530e-01 -3.1450455505794533e-02 -5.9462866881616383e-01 -4.4888093358957264e-02 3.2391775656653785e-02 -9.9846674052990192e-01 7.4738252750318090e-02
9.9875608965770968e-01 -2.0197131359902754e-02 -4.5588915938760299e-02 -1.0695809545596775e-01 -2.1630977542931633e-02 -9.9927967751351554e-01 -3.1180553539370964e-02 -3.8116545220750697e-01 -4.4926319481766001e-02 3.2127900543223009e-02 -9.9847354688269396e-01 8.9989483364151801e-02
9.9874805259955934e-01 -2.0472961756730381e-02 -4.5641924428042102e-02 -9.6139818604225519e-02 -2.1885040836731779e-02 -9.9929036910938651e-01 -3.0656209693966614e-02 -1.7025227204455731e-01 -4.4981912099890033e-02 3.1616705111907617e-02 -9.9848736173358976e-01 1.0482064916507837e-01
9.9874946897921046e-01 -2.0468177359305510e-02 -4.5613067528213341e-02 -8.7599703066499390e-02 -2.1863559845570871e-02 -9.9930152945301010e-01 -3.0305741762151561e-02 4.7308371802945746e-02 -4.4960904846593985e-02 3.1265107523613556e-02 -9.9849937911193143e-01 1.1987813112506607e-01
9.9875401007944742e-01 -2.0577324931164452e-02 -4.5464283222100915e-02 -8.0737887546434267e-02 -2.1950915908098820e-02 -9.9931115688005323e-01 -2.9922717554477674e-02 2.6502645613822917e-01 -4.4817235981458127e-02 3.0883416807839958e-02 -9.9851771638026288e-01 1.3650161336354133e-01
9.9874705927338514e-01 -2.0635612999837710e-02 -4.5590383513259121e-02 -6.9146861651548833e-02 -2.2001377788227888e-02 -9.9931783729274481e-01 -2.9661413384561158e-02 4.8701697728138926e-01 -4.4947202006184919e-02 3.0627300642908528e-02 -9.9851976319306990e-01 1.5154089759554640e-01
9.9874858065658012e-01 -2.0590976312839057e-02 -4.5577234788330000e-02 -6.0482941257973044e-02 -2.1937760086494392e-02 -9.9933138584079817e-01 -2.9249204363483494e-02 7.0806716114508728e-01 -4.4944491529595405e-02 3.0212463785555810e-02 -9.9853252311236829e-01 1.6889190877760496e-01
9.9874810037084027e-01 -2.0678977830368150e-02 -4.5547907542824534e-02 -5.1334979797354949e-02 -2.1995787434136948e-02 -9.9934885805109752e-01 -2.8601490295417920e-02 9.2668113032672117e-01 -4.4926799805804260e-02 2.9567546192705102e-02 -9.9855262398701405e-01 1.8235289561214343e-01
9.9874538810764357e-01 -2.0671991995476917e-02 -4.5610508445441129e-02 -4.1352877402094944e-02 -2.1989253467313126e-02 -9.9934988985450834e-01 -2.8570445914116727e-02 1.1563456324590182e+00 -4.4990248561915906e-02 2.9537542123882654e-02 -9.9855065526973474e-01 1.9836087595656909e-01
9.9874659563619028e-01 -2.0806763551837523e-02 -4.5522700882293432e-02 -3.4086798715037593e-02 -2.2108387679210931e-02 -9.9935555995103575e-01 -2.8278684360803080e-02 1.3805573944217446e+00 -4.4904976331655570e-02 2.9249673253732872e-02 -9.9856296732614891e-01 2.1440169863857958e-01
9.9874138963398429e-01 -2.0778782613465076e-02 -4.5649521630344886e-02 -2.2939740511010137e-02 -2.2081913564503737e-02 -9.9935752023631208e-01 -2.8230052080359863e-02 1.6084330130258200e+00 -4.5033606621130734e-02 2.9202550235080948e-02 -9.9855855378363323e-01 2.2817038765116260e-01
9.9875103904466589e-01 -2.0658078845822398e-02 -4.5492920170071803e-02 -1.6884186644279202e-02 -2.1943975111697000e-02 -9.9936842468642728e-01 -2.7950200286694635e-02 1.8329304106421298e+00 -4.4886790523470964e-02 2.8913587085813486e-02 -9.9857357291204818e-01 2.4248311961825250e-01
9.9875672124070425e-01 -2.0778887433710525e-02 -4.5312797458722624e-02 -1.1327133412762050e-02 -2.2020848002574967e-02 -9.9939058772091671e-01 -2.7083859180111275e-02 2.0477205230593580e+00 -4.4722410822377649e-02 2.8048012618683060e-02 -9.9860563535280378e-01 2.6020276525840386e-01
9.9876220384771219e-01 -2.0769929261422737e-02 -4.5195909148252097e-02 -4.9881025748387577e-03 -2.1973789515054239e-02 -9.9941243503062804e-01 -2.6304700730085673e-02 2.2626895028442919e+00 -4.4623006841870871e-02 2.7265266267300581e-02 -9.9863176021783140e-01 2.7818368493034268e-01
9.9876313603278355e-01 -2.0822605526752316e-02 -4.5151048725771505e-02 2.6621669561342266e-03 -2.2004954886865040e-02 -9.9942362551575692e-01 -2.5849540061022219e-02 2.4835989167484835e+00 -4.4586770037610537e-02 2.6811114486656823e-02 -9.9864567494061496e-01 2.9329902908731859e-01
9.9876765251031374e-01 -2.0847813258210536e-02 -4.5039371458631301e-02 9.3588124553478196e-03 -2.2012648725110839e-02 -9.9943184098406979e-01 -2.5523293739201425e-02 2.7058673897297965e+00 -4.4481677072055949e-02 2.6483276034951542e-02 -9.9865910925365997e-01 3.0792853314644514e-01
9.9877109143972032e-01 -2.0803070147961955e-02 -4.4983765701962206e-02 1.7202385476379530e-02 -2.1943222956905643e-02 -9.9944653528795890e-01 -2.5002361231660275e-02 2.9261252029971132e+00 -4.4438742900464526e-02 2.5958724416154821e-02 -9.9867479329164666e-01 3.2292919445720786e-01
9.9877849278484487e-01 -2.0879417203617190e-02 -4.4783616286211074e-02 2.2819194586972472e-02 -2.1991613795025400e-02 -9.9945821502528509e-01 -2.4487656914479183e-02 3.1468021610642856e+00 -4.4248065190737366e-02 2.5442609058586599e-02 -9.9869654168379296e-01 3.3665003230663881e-01
9.9878341508184842e-01 -2.0923379946806091e-02 -4.4653128994977920e-02 2.9793669806303536e-02 -2.2009386445885907e-02 -9.9947038562428425e-01 -2.3969463246365674e-02 3.3674188408824199e+00 -4.4127957869316836e-02 2.4923090330952302e-02 -9.9871495578199809e-01 3.5254697772942417e-01
9.9877449997709000e-01 -2.0944225890465670e-02 -4.4842363869031489e-02 4.1495306579335631e-02 -2.2010377928853273e-02 -9.9948350084418358e-01 -2.3415268601581440e-02 3.5874376906615146e+00 -4.4328788151070844e-02 2.4373570565353886e-02 -9.9871962411827753e-01 3.6786237734265503e-01
9.9877601348813183e-01 -2.1017732401195862e-02 -4.4774209155119309e-02 4.8891174785544333e-02 -2.2057581993065914e-02 -9.9949535551900259e-01 -2.2858201428856639e-02 3.8062490819928709e+00 -4.4271186536773789e-02 2.3817834088235842e-02 -9.9873558704092025e-01 3.8451071078231658e-01
9.9876240402342020e-01 -2.0975551519780828e-02 -4.5096413912844455e-02 6.1675163915811980e-02 -2.2012631403874713e-02 -9.9950166071518076e-01 -2.2624638920280007e-02 4.0290440643539069e+00 -4.4599376318898432e-02 2.3589329495280496e-02 -9.9872640856539319e-01 3.9832482614114789e-01
9.9876252396332910e-01 -2.0990656385185835e-02 -4.5086728323528474e-02 7.0334821893395641e-02 -2.2011867487255379e-02 -9.9950955056021717e-01 -2.2274111175027422e-02 4.2492040712083625e+00 -4.4597067348920091e-02 2.3238990585501218e-02 -9.9873472498979565e-01 4.1207125109664738e-01
9.9876845475987852e-01 -2.0977311780243098e-02 -4.4961385288257744e-02 7.7655533595723691e-02 -2.1974694575578879e-02 -9.9952071688065680e-01 -2.1804800496429688e-02 4.4673719861574925e+00 -4.4482429956947157e-02 2.2765959607571384e-02 -9.9875073191876673e-01 4.2858847930167066e-01
9.9876520720918238e-01 -2.1040372831249519e-02 -4.5004039591141506e-02 8.6716133635694276e-02 -2.2026401491425308e-02 -9.9952559549470665e-01 -2.1527228997048391e-02 4.6874394166846169e+00 -4.4529748547881456e-02 2.2491924374647074e-02 -9.9875483219466232e-01 4.4564640243672982e-01
9.9876617774000165e-01 -2.1104409545992478e-02 -4.4952487143004129e-02 9.3955059783121325e-02 -2.2074314537749728e-02 -9.9953174070193462e-01 -2.1190185630356351e-02 4.9026470494568217e+00 -4.4484231367029600e-02 2.2156336048080982e-02 -9.9876436156513360e-01 4.6326597408569292e-01
9.9877165566674875e-01 -2.0995203510374118e-02 -4.4881858988451255e-02 1.0038236758809385e-01 -2.1938253579688139e-02 -9.9954658899081361e-01 -2.0623517321281731e-02 5.1114215313816391e+00 -4.4428514116213146e-02 2.1582814144265133e-02 -9.9877939970097462e-01 4.7809921467848487e-01
9.9877467003409715e-01 -2.0939014259925913e-02 -4.4841010025450198e-02 1.0647748256723215e-01 -2.1853888099415943e-02 -9.9956089779475510e-01 -2.0010476623033902e-02 5.3163773338794300e+00 -4.4402320583705010e-02 2.0965907601756956e-02 -9.9879370474849116e-01 4.9245426611726345e-01
9.9879289461331044e-01 -2.0819672739764063e-02 -4.4489267211021977e-02 1.0820952458497311e-01 -2.1722317225327546e-02 -9.9956591558795083e-01 -1.9902797019105134e-02 5.5267724587600338e+00 -4.4055585393078467e-02 2.0845182221093383e-02 -9.9881158572267403e-01 5.0782087491747296e-01
9.9879835069555956e-01 -2.0916923912347986e-02 -4.4320840942768676e-02 1.1190652610652245e-01 -2.1823614650135208e-02 -9.9956030045894040e-01 -2.0073255591336270e-02 5.7352190397916374e+00 -4.3881482329469673e-02 2.1016375531421938e-02 -9.9881566240627739e-01 5.1998342234975614e-01
9.9879264521338018e-01 -2.1038239577435038e-02 -4.4391940069587570e-02 1.1994952243356952e-01 -2.1908681920690520e-02 -9.9957533517175579e-01 -1.9213510162648439e-02 5.9220400418464241e+00 -4.3968869944057208e-02 2.0162881534012939e-02 -9.9882941320532215e-01 5.3186873536337353e-01
9.9877933909027350e-01 -2.1183254431563277e-02 -4.4621760813353284e-02 1.3060370399783730e-01 -2.1987292020638167e-02 -9.9960321793023532e-01 -1.7605842584705322e-02 6.0936330729103139e+00 -4.4231106655787354e-02 1.8565463506357238e-02 -9.9884880375800544e-01 5.4911783740084952e-01
9.9880739697380139e-01 -2.1310638595286511e-02 -4.3927672748277628e-02 1.2468355761478404e-01 -2.2095144297605882e-02 -9.9960354633855197e-01 -1.7451496951762985e-02 6.2796327002593575e+00 -4.3538354917091938e-02 1.8401272511718386e-02 -9.9888227775902738e-01 5.6865806795311302e-01
9.9879467913937336e-01 -2.1333618542176320e-02 -4.4204814701269003e-02 1.3134855206344512e-01 -2.2133874201954506e-02 -9.9959843271193449e-01 -1.7693641023139639e-02 6.4542274144132339e+00 -4.3809594105500130e-02 1.8650738316232707e-02 -9.9886579149782206e-01 5.8445904902175283e-01
9.9877939697020168e-01 -2.1367451686082169e-02 -4.4532552097125533e-02 1.3634892391453179e-01 -2.2178859427574995e-02 -9.9959542675051205e-01 -1.7806768767945430e-02 6.6125062608317329e+00 -4.4134050146481259e-02 1.8772714984949840e-02 -9.9884922325131831e-01 5.9506475725680352e-01
9.9878204645947544e-01 -2.1459716945910170e-02 -4.4428641874613151e-02 1.3172013571446878e-01 -2.2286594472562083e-02 -9.9958594083902419e-01 -1.8200400648826831e-02 6.7591926673099305e+00 -4.4019670342209279e-02 1.9168396530844234e-02 -9.9884675561239089e-01 6.0748031056106588e-01
9.9879685075707458e-01 -2.1454926747682679e-02 -4.4096905061483879e-02 1.2266059849415044e-01 -2.2261426044591012e-02 -9.9959227991190125e-01 -1.7880236323631532e-02 6.8806589438069476e+00 -4.3695306706912553e-02 1.8840383721656889e-02 -9.9886723848217662e-01 6.1436361588591715e-01
9.9878510935948595e-01 -2.1400181687932451e-02 -4.4388484379203841e-02 1.2091813091989745e-01 -2.2201437533966584e-02 -9.9959793213214077e-01 -1.7637183691674468e-02 6.9897362376010408e+00 -4.3993198260466770e-02 1.8601244605454537e-02 -9.9885864475707609e-01 6.1900889830104511e-01
9.9877234982642848e-01 -2.1476225898692792e-02 -4.4638155689302322e-02 1.1768083252175418e-01 -2.2293936715018350e-02 -9.9959116192773478e-01 -1.7902217228818906e-02 7.0933305898048795e+00 -4.4235433850487269e-02 1.8875399786743019e-02 -9.9884280328535680e-01 6.2403191776217704e-01
9.9876662221931345e-01 -2.1518083824626163e-02 -4.4746021154281432e-02 1.1053216025374976e-01 -2.2342738910426901e-02 -9.9958810172645973e-01 -1.8011910083966381e-02 7.1833478174929013e+00 -4.4340008554391783e-02 1.8989443262211955e-02 -9.9883600490069824e-01 6.2838714915338045e-01
9.9876585404150919e-01 -2.1451712739242554e-02 -4.4795008888130018e-02 1.0380279405698495e-01 -2.2283941050970636e-02 -9.9958668791788963e-01 -1.8162579898794662e-02 7.2621241178263300e+00 -4.4386876123145839e-02 1.9138373961657379e-02 -9.9883108074895843e-01 6.3106827556177880e-01
9.9879949952214808e-01 -2.1251718846438970e-02 -4.4135294270902736e-02 8.8343144757386874e-02 -2.2073902026989483e-02 -9.9959020114274810e-01 -1.8225603658142103e-02 7.3308345510893771e+00 -4.3729882272996561e-02 1.9177961973909946e-02 -9.9885930098834119e-01 6.3138240973792004e-01
9.9880814881935454e-01 -2.1340678024634126e-02 -4.3895982885720275e-02 8.2595092559628963e-02 -2.2149404147126583e-02 -9.9959224901132593e-01 -1.8020533077753420e-02 7.3873700249480398e+00 -4.3493513861055204e-02 1.8971325149500062e-02 -9.9887356711151909e-01 6.3001790973952498e-01
9.9880523781622665e-01 -2.1332018224269073e-02 -4.3966372483405028e-02 8.4138340217202248e-02 -2.2148241104690970e-02 -9.9958971610244374e-01 -1.8161907339390656e-02 7.4449922022554240e+00 -4.3560903650389740e-02 1.9113985997577247e-02 -9.9886791079323700e-01 6.3019955697391583e-01
9.9880312552549366e-01 -2.1382491354760898e-02 -4.3989834097992522e-02 8.4816819232997040e-02 -2.2207381270364573e-02 -9.9958498076938751e-01 -1.8349344330966633e-02 7.5006560317352644e+00 -4.3579222774367946e-02 1.9304281486947739e-02 -9.9886345215883021e-01 6.3117646571645247e-01
9.9879860963230715e-01 -2.1433555201335872e-02 -4.4067449529124378e-02 8.6014318991025740e-02 -2.2259994257682290e-02 -9.9958380725361473e-01 -1.8349521302111815e-02 7.5509205304784075e+00 -4.3655813498531752e-02 1.9308417537436395e-02 -9.9886002771158156e-01 6.3266235363468004e-01
9.9879548869334100e-01 -2.1455710263582721e-02 -4.4127364105678649e-02 8.6581683299634685e-02 -2.2278436219764303e-02 -9.9958544105926006e-01 -1.8237798714931946e-02 7.5980302745089077e+00 -4.3717765787284223e-02 1.9198919746945903e-02 -9.9885942876618949e-01 6.3566813709270920e-01
9.9879273102039878e-01 -2.1507916774187064e-02 -4.4164351878489667e-02 8.6339189429577468e-02 -2.2327077004474213e-02 -9.9958614969092441e-01 -1.8139211077367934e-02 7.6397262318980044e+00 -4.3755937805613175e-02 1.9103373055763428e-02 -9.9885958925398699e-01 6.4048842463289335e-01
9.9878391694791291e-01 -2.1483563460003900e-02 -4.4375035180208494e-02 8.7960573940413844e-02 -2.2314133272699599e-02 -9.9958337536573538e-01 -1.8307243067433261e-02 7.6773719121699218e+00 -4.3963242629189186e-02 1.9275170388399820e-02 -9.9884718606202449e-01 6.4194658876514255e-01
9.9878666219724188e-01 -2.1497695536098642e-02 -4.4306348343442867e-02 8.5186889465969889e-02 -2.2328901601622871e-02 -9.9958223126894308e-01 -1.8351650734087399e-02 7.7049126652112987e+00 -4.3893320336451429e-02 1.9318696074996478e-02 -9.9884942028906620e-01 6.4085118769561777e-01
9.9878479593197356e-01 -2.1587699176247595e-02 -4.4304657310508790e-02 8.3439070888171193e-02 -2.2418837970992585e-02 -9.9958026257944776e-01 -1.8349233379969937e-02 7.7237641685311829e+00 -4.3889943257609282e-02 1.9320194250525891e-02 -9.9884953970804113e-01 6.3698043316629605e-01
9.9880510766693686e-01 -2.1601269503061619e-02 -4.3837678477480706e-02 7.3350852136620279e-02 -2.2415117228829877e-02 -9.9958381763858506e-01 -1.8159130890270048e-02 7.7359276327491173e+00 -4.3427173728630898e-02 1.9120059386106780e-02 -9.9887361758683735e-01 6.3284384472960964e-01
9.9879596864856013e-01 -2.1632237038270004e-02 -4.4030209312528941e-02 7.5127786047472667e-02 -2.2471380455965265e-02 -9.9957345236585038e-01 -1.8653428259139848e-02 7.7543243875708008e+00 -4.3607912949237472e-02 1.9620388531721822e-02 -9.9885604081973511e-01 6.2857538673400715e-01
9.9880126159586302e-01 -2.1626866679603181e-02 -4.3912623152522381e-02 6.9949626476911261e-02 -2.2473781437343059e-02 -9.9956904802640290e-01 -1.8885109888394036e-02 7.7694743876496277e+00 -4.3485273167123042e-02 1.9849354276974873e-02 -9.9885686369587856e-01 6.2575266914203898e-01
9.9879971656698241e-01 -2.1531061313658312e-02 -4.3994767693700206e-02 6.8742285584528953e-02 -2.2370840762638108e-02 -9.9957510327477195e-01 -1.8685780604548896e-02 7.7778838617999897e+00 -4.3573749773089879e-02 1.9647552314121491e-02 -9.9885699778235315e-01 6.2483399640287074e-01
9.9879918952870828e-01 -2.1316525805234375e-02 -4.4111049912586006e-02 6.7682382527072496e-02 -2.2158222595701972e-02 -9.9957992637729065e-01 -1.8681112251942078e-02 7.7904574930746850e+00 -4.3694303612658705e-02 1.9636102239627917e-02 -9.9885195665856297e-01 6.2384886736065648e-01
9.9880835126514556e-01 -2.1137181131918134e-02 -4.3989737630471801e-02 6.3938510098685480e-02 -2.1972858384513509e-02 -9.9958551168461263e-01 -1.8601030203301557e-02 7.8036586398268240e+00 -4.3578331053579590e-02 1.9545444584519227e-02 -9.9885880116189474e-01 6.2237183920824046e-01
9.9881060696220425e-01 -2.0972974333796419e-02 -4.4017107667208122e-02 6.2761335879000041e-02 -2.1811522006497649e-02 -9.9958799399562448e-01 -1.8657431965933280e-02 7.8192377110006852e+00 -4.3607670512797923e-02 1.9595321058795911e-02 -9.9885654348612551e-01 6.2079366810445380e-01
9.9881591730406161e-01 -2.0853703618071810e-02 -4.3953229522470771e-02 5.9803098443192572e-02 -2.1685528659152211e-02 -9.9959302930972249e-01 -1.8534119946354566e-02 7.8320212670793792e+00 -4.3548836802128996e-02 1.9465323034113580e-02 -9.9886165208819544e-01 6.1821985678010838e-01
9.9882916817699474e-01 -2.0614407070864212e-02 -4.3764586368083107e-02 5.5435172818454746e-02 -2.1440168458060137e-02 -9.9959926074680172e-01 -1.8483427467265612e-02 7.8468677494146162e+00 -4.3366023282550417e-02 1.9400106586417609e-02 -9.9887087448232903e-01 6.1623724344535769e-01
9.9883294738031347e-01 -2.0484856002438025e-02 -4.3739157537796149e-02 5.3894863247143134e-02 -2.1311235416557293e-02 -9.9960150100391754e-01 -1.8511359640382113e-02 7.8659337373627984e+00 -4.3342524990785267e-02 1.9421891392829765e-02 -9.9887147104226992e-01 6.1299166117602100e-01
9.9883975987030116e-01 -2.0454277106644613e-02 -4.3597667945473935e-02 4.9950642230973057e-02 -2.1272289438630215e-02 -9.9960471595747646e-01 -1.8382098291868293e-02 7.8855445762917924e+00 -4.3204441950780381e-02 1.9288192855147684e-02 -9.9888004375505712e-01 6.0985213801440630e-01
9.9883549472091349e-01 -2.0330161271576174e-02 -4.3753160209288315e-02 5.1117803893971699e-02 -2.1150601665101243e-02 -9.9960750190396419e-01 -1.8371014847306383e-02 7.9103271411842044e+00 -4.3362501482642389e-02 1.9275027366710051e-02 -9.9887344883382490e-01 6.0794297705785894e-01
9.9883756100032195e-01 -2.0268518210501432e-02 -4.3734584763985521e-02 4.9821926336605198e-02 -2.1081908905631070e-02 -9.9961175478222342e-01 -1.8217925735351578e-02 7.9370603905427881e+00 -4.3348354661074909e-02 1.9118757040003403e-02 -9.9887706614849425e-01 6.0557554843824513e-01
9.9883350029300555e-01 -2.0223273405249122e-02 -4.3848123166205615e-02 5.0041725387887856e-02 -2.1031048217094592e-02 -9.9961605854941360e-01 -1.8039692376135896e-02 7.9675676472381403e+00 -4.3466466423122505e-02 1.8940821072802316e-02 -9.9887532334810225e-01 6.0456258688842135e-01
9.9883805662639813e-01 -2.0145890019827955e-02 -4.3779901211749704e-02 4.8289895016802760e-02 -2.0944862850691186e-02 -9.9962094642681776e-01 -1.7868301120100405e-02 8.0020871116565662e+00 -4.3403333454555118e-02 1.8764503192513493e-02 -9.9888139639547346e-01 6.0176273140420511e-01
9.9884115384536587e-01 -2.0098622379417931e-02 -4.3730935998529952e-02 4.6780789357928766e-02 -2.0885904386674831e-02 -9.9962656952127282e-01 -1.7621024518550979e-02 8.0385351074151252e+00 -4.3360447216427976e-02 1.8513964610051836e-02 -9.9888793402043319e-01 5.9753865957456986e-01
9.9883868017947841e-01 -2.0113159415475319e-02 -4.3780724019196304e-02 4.6417025978698921e-02 -2.0905436082131645e-02 -9.9962451016331222e-01 -1.7714441085571325e-02 8.0855511498144015e+00 -4.3407991424774119e-02 1.8609124081641740e-02 -9.9888410077515033e-01 5.9485849143712866e-01
9.9882651202317652e-01 -2.0035164053304588e-02 -4.4092982219085509e-02 5.0758422768733109e-02 -2.0846571780373083e-02 -9.9962027925534258e-01 -1.8019926372682349e-02 8.1409130412182584e+00 -4.3715207017937942e-02 1.8917967724581319e-02 -9.9886490136181616e-01 5.9316355331052428e-01
9.9882586640194870e-01 -2.0079126015545873e-02 -4.4087609425415702e-02 5.0164734266269384e-02 -2.0870637044130915e-02 -9.9962784257737192e-01 -1.7566811135804217e-02 8.1911405766287437e+00 -4.3718475679834994e-02 1.8466321847100065e-02 -9.9887321009308838e-01 5.9162978023079948e-01
9.9883591743542222e-01 -1.9988152841761878e-02 -4.3900840389587130e-02 4.6791313361890782e-02 -2.0757432975276210e-02 -9.9963764842930081e-01 -1.7137701684145690e-02 8.2472698556386970e+00 -4.3542381850497712e-02 1.8029020736363088e-02 -9.9888889041478146e-01 5.9254164596878922e-01
9.9883553765557131e-01 -1.9976992821001807e-02 -4.3914558794720615e-02 4.7699155999893231e-02 -2.0758671164985358e-02 -9.9963280284985967e-01 -1.7416573658386725e-02 8.3190056036782352e+00 -4.3550502726941477e-02 1.8307900599567550e-02 -9.9888346391752181e-01 5.9466914934108561e-01
9.9883430681632035e-01 -1.9963831813647082e-02 -4.3948526096753260e-02 4.9167730149503527e-02 -2.0740806308162153e-02 -9.9963528904292154e-01 -1.7294734856682939e-02 8.3881045947156476e+00 -4.3587228409797854e-02 1.8186102369448925e-02 -9.9888408696913433e-01 5.9641995737590903e-01
9.9882544303723586e-01 -2.0046740315748504e-02 -4.4111931993307756e-02 5.1407278890245420e-02 -2.0823687877662624e-02 -9.9963477685439650e-01 -1.7224602359277308e-02 8.4629774692653559e+00 -4.3750524164208028e-02 1.8122944186154843e-02 -9.9887809593032051e-01 5.9936113366932564e-01
9.9882438620519332e-01 -2.0033440288996635e-02 -4.4141893842533760e-02 5.1343559365711777e-02 -2.0805425274264558e-02 -9.9963730977519527e-01 -1.7099215905036949e-02 8.5407379174184861e+00 -4.3783327888310491e-02 1.7997504704744025e-02 -9.9887892660893962e-01 6.0443338873859764e-01
9.9881874330007081e-01 -1.9997390569596610e-02 -4.4285690723683394e-02 5.4445114275728387e-02 -2.0759620010776862e-02 -9.9964301418326584e-01 -1.6819107336655550e-02 8.6210004372378393e+00 -4.3933543101767718e-02 1.7718593764765797e-02 -9.9887731740465713e-01 6.0828509648188334e-01
9.9881542194049966e-01 -1.9925842756864053e-02 -4.4392721072833582e-02 5.7461436309084284e-02 -2.0695550871534126e-02 -9.9964218305572350e-01 -1.6946977008042707e-02 8.7112910683032947e+00 -4.4039153805964737e-02 1.7845633808192818e-02 -9.9887040515075753e-01 6.1214398946619142e-01
9.9881419938739113e-01 -1.9799552257733825e-02 -4.4476654916004964e-02 6.0525994671581679e-02 -2.0562464974618881e-02 -9.9964805565527026e-01 -1.6761558961091327e-02 8.8009761291474380e+00 -4.4129130246263540e-02 1.7656232753105239e-02 -9.9886979997829384e-01 6.1412208266721890e-01
9.9881717869733189e-01 -1.9799777740659122e-02 -4.4409597392036454e-02 6.0668598479999745e-02 -2.0554667646906315e-02 -9.9965080263512562e-01 -1.6606577879707929e-02 8.8967617314983158e+00 -4.4065283126600858e-02 1.7499759780353230e-02 -9.9887537222148137e-01 6.1671152277767216e-01
9.9881782375272032e-01 -1.9704982421665577e-02 -4.4437243632355419e-02 6.3318711148960483e-02 -2.0447770521455636e-02 -9.9965766121289379e-01 -1.6323267413998505e-02 8.9963719862063734e+00 -4.4100381342811003e-02 1.7212612995384333e-02 -9.9887881262908440e-01 6.1936766396680953e-01
9.9881999489455375e-01 -1.9653325518939120e-02 -4.4411311564626979e-02 6.5494663461937525e-02 -2.0384652524350275e-02 -9.9966297888144240e-01 -1.6074656927674624e-02 9.1020076396080576e+00 -4.4080423549521998e-02 1.6960997904827302e-02 -9.9888399767428815e-01 6.2345405491395101e-01
9.9881916876209798e-01 -1.9729548005357346e-02 -4.4396092721048025e-02 6.8003863144678794e-02 -2.0457053879646598e-02 -9.9966281851027317e-01 -1.5992443048578997e-02 9.2144369376971103e+00 -4.4065599507516401e-02 1.6881771933097200e-02 -9.9888599385337384e-01 6.2804169003634136e-01
9.9881420733555704e-01 -1.9762127925660136e-02 -4.4493117720529843e-02 7.2718823377239422e-02 -2.0470796854190263e-02 -9.9966984881817966e-01 -1.5528677985994631e-02 9.3312443071058500e+00 -4.4171548544255902e-02 1.6421073767817221e-02 -9.9888899415075894e-01 6.3388051978736715e-01
9.9880321209259759e-01 -1.9757216320472906e-02 -4.4741434004461657e-02 7.9604128734616239e-02 -2.0459234272001216e-02 -9.9967380536090145e-01 -1.5287334897131577e-02 9.4598726130477448e+00 -4.4424804406017718e-02 1.6184414679552450e-02 -9.9888162535656155e-01 6.4293585132428233e-01
9.9879804514400217e-01 -1.9684762330523305e-02 -4.4888474562078173e-02 8.5755657368376495e-02 -2.0379218477658785e-02 -9.9967880191275083e-01 -1.5065870719177005e-02 9.5972542190481978e+00 -4.4577488385499915e-02 1.5962554252935801e-02 -9.9887839319456828e-01 6.5151431310530072e-01
9.9879065675395906e-01 -1.9763947835037009e-02 -4.5017889188280438e-02 9.2039109922076298e-02 -2.0436678767405445e-02 -9.9968552200528338e-01 -1.4532696032819656e-02 9.7376292870124317e+00 -4.4716508606467018e-02 1.5435137155152925e-02 -9.9888046852416201e-01 6.6068997213661274e-01
9.9879318442248599e-01 -1.9828080695114245e-02 -4.4933528318375444e-02 9.5383709391977892e-02 -2.0479079949107051e-02 -9.9969121317213150e-01 -1.4074288289953270e-02 9.8844112456105524e+00 -4.4640587312761625e-02 1.4977500538430161e-02 -9.9889083109316412e-01 6.6841409449512779e-01
9.9878669408016374e-01 -1.9855231751432466e-02 -4.5065613282358412e-02 1.0238981984805588e-01 -2.0508481505742120e-02 -9.9969053395223728e-01 -1.4079719905594069e-02 1.0043429643642410e+01 -4.4772110903405070e-02 1.4986864194629064e-02 -9.9888480416255454e-01 6.7919879846166897e-01
9.9878872583394696e-01 -1.9806746169389964e-02 -4.5041913293975167e-02 1.0750038104658668e-01 -2.0442715152742416e-02 -9.9969711662333549e-01 -1.3702934436558123e-02 1.0202062713797547e+01 -4.4756860303024580e-02 1.4607115429479123e-02 -9.9889111300213562e-01 6.9049549485214035e-01
9.9879121332723875e-01 -1.9845518539065791e-02 -4.4969629464985658e-02 1.1165033326131285e-01 -2.0472442989145849e-02 -9.9969895009110410e-01 -1.3523618776035862e-02 1.0370554859110763e+01 -4.4687708134997083e-02 1.4427909781357218e-02 -9.9889681357034166e-01 7.0148222462223586e-01
9.9879368131316859e-01 -1.9898717913266993e-02 -4.4891237388785539e-02 1.1631874571721675e-01 -2.0511376930818646e-02 -9.9970210077752741e-01 -1.3228496414988217e-02 1.0544393718581819e+01 -4.4614634205493053e-02 1.4133319723536653e-02 -9.9890429155565374e-01 7.1422468576903253e-01
